#r  V   F
# [start]
0.2 0.6144 1.92 
0.204804804805 0.605209403999 1.90558558559 
0.20960960961 0.596088066445 1.89117117117 
0.214414414414 0.587035987339 1.87675675676 
0.219219219219 0.57805316668 1.86234234234 
0.224024024024 0.569139604469 1.84792792793 
0.228828828829 0.560295300706 1.83351351351 
0.233633633634 0.551520255391 1.8190990991 
0.238438438438 0.542814468523 1.80468468468 
# [start]
0.243243243243 0.534177940102 1.79027027027 
0.248048048048 0.52561067013 1.77585585586 
0.252852852853 0.517112658605 1.76144144144 
0.257657657658 0.508683905527 1.74702702703 
0.262462462462 0.500324410897 1.73261261261 
0.267267267267 0.492034174715 1.7181981982 
0.272072072072 0.483813196981 1.70378378378 
0.276876876877 0.475661477694 1.68936936937 
0.281681681682 0.467579016855 1.67495495495 
0.286486486486 0.459565814463 1.66054054054 
0.291291291291 0.451621870519 1.64612612613 
0.296096096096 0.443747185023 1.63171171171 
0.300900900901 0.435941757974 1.6172972973 
0.305705705706 0.428205589373 1.60288288288 
0.310510510511 0.42053867922 1.58846846847 
0.315315315315 0.412941027514 1.57405405405 
0.32012012012 0.405412634256 1.55963963964 
0.324924924925 0.397953499445 1.54522522523 
0.32972972973 0.390563623083 1.53081081081 
0.334534534535 0.383243005167 1.5163963964 
0.339339339339 0.3759916457 1.50198198198 
0.344144144144 0.36880954468 1.48756756757 
0.348948948949 0.361696702108 1.47315315315 
0.353753753754 0.354653117983 1.45873873874 
0.358558558559 0.347678792306 1.44432432432 
0.363363363363 0.340773725076 1.42990990991 
0.368168168168 0.333937916295 1.4154954955 
0.372972972973 0.327171365961 1.40108108108 
0.377777777778 0.320474074074 1.38666666667 
0.382582582583 0.313846040635 1.37225225225 
0.387387387387 0.307287265644 1.35783783784 
0.392192192192 0.3007977491 1.34342342342 
0.396996996997 0.294377491005 1.32900900901 
0.401801801802 0.288026491356 1.31459459459 
0.406606606607 0.281744750156 1.30018018018 
0.411411411411 0.275532267403 1.28576576577 
0.416216216216 0.269389043097 1.27135135135 
0.421021021021 0.263315077239 1.25693693694 
0.425825825826 0.257310369829 1.24252252252 
0.430630630631 0.251374920867 1.22810810811 
0.435435435435 0.245508730352 1.21369369369 
0.44024024024 0.239711798285 1.19927927928 
0.445045045045 0.233984124665 1.18486486486 
0.44984984985 0.228325709493 1.17045045045 
0.454654654655 0.222736552769 1.15603603604 
0.459459459459 0.217216654492 1.14162162162 
0.464264264264 0.211766014663 1.12720720721 
0.469069069069 0.206384633282 1.11279279279 
0.473873873874 0.201072510348 1.09837837838 
0.478678678679 0.195829645862 1.08396396396 
0.483483483483 0.190656039824 1.06954954955 
0.488288288288 0.185551692233 1.05513513514 
0.493093093093 0.18051660309 1.04072072072 
0.497897897898 0.175550772394 1.02630630631 
0.502702702703 0.170654200146 1.01189189189 
0.507507507508 0.165826886346 0.997477477477 
0.512312312312 0.161068830993 0.983063063063 
0.517117117117 0.156380034088 0.968648648649 
0.521921921922 0.151760495631 0.954234234234 
0.526726726727 0.147210215621 0.93981981982 
0.531531531532 0.142729194059 0.925405405405 
0.536336336336 0.138317430944 0.910990990991 
0.541141141141 0.133974926278 0.896576576577 
0.545945945946 0.129701680058 0.882162162162 
0.550750750751 0.125497692287 0.867747747748 
0.555555555556 0.121362962963 0.853333333333 
0.56036036036 0.117297492087 0.838918918919 
0.565165165165 0.113301279658 0.824504504505 
0.56996996997 0.109374325677 0.81009009009 
0.574774774775 0.105516630144 0.795675675676 
0.57957957958 0.101728193058 0.781261261261 
0.584384384384 0.0980090144198 0.766846846847 
0.589189189189 0.0943590942294 0.752432432432 
0.593993993994 0.0907784324865 0.738018018018 
0.598798798799 0.0872670291914 0.723603603604 
0.603603603604 0.0838248843438 0.709189189189 
0.608408408408 0.0804519979439 0.694774774775 
0.613213213213 0.0771483699916 0.68036036036 
0.618018018018 0.073914000487 0.665945945946 
0.622822822823 0.07074888943 0.651531531532 
0.627627627628 0.0676530368206 0.637117117117 
0.632432432432 0.0646264426589 0.622702702703 
0.637237237237 0.0616691069448 0.608288288288 
0.642042042042 0.0587810296783 0.593873873874 
0.646846846847 0.0559622108595 0.579459459459 
0.651651651652 0.0532126504883 0.565045045045 
0.656456456456 0.0505323485648 0.550630630631 
0.661261261261 0.0479213050889 0.536216216216 
0.666066066066 0.0453795200606 0.521801801802 
0.670870870871 0.04290699348 0.507387387387 
0.675675675676 0.040503725347 0.492972972973 
0.68048048048 0.0381697156616 0.478558558559 
0.685285285285 0.0359049644239 0.464144144144 
0.69009009009 0.0337094716338 0.44972972973 
0.694894894895 0.0315832372913 0.435315315315 
0.6996996997 0.0295262613965 0.420900900901 
0.704504504505 0.0275385439494 0.406486486486 
0.709309309309 0.0256200849498 0.392072072072 
0.714114114114 0.0237708843979 0.377657657658 
0.718918918919 0.0219909422936 0.363243243243 
0.723723723724 0.020280258637 0.348828828829 
0.728528528529 0.018638833428 0.334414414414 
0.733333333333 0.0170666666667 0.32 
0.738138138138 0.0155637583529 0.305585585586 
0.742942942943 0.0141301084869 0.291171171171 
0.747747747748 0.0127657170684 0.276756756757 
0.752552552553 0.0114705840976 0.262342342342 
0.757357357357 0.0102447095744 0.247927927928 
0.762162162162 0.0090880934989 0.233513513514 
0.766966966967 0.00800073587101 0.219099099099 
0.771771771772 0.00698263669074 0.204684684685 
0.776576576577 0.00603379595812 0.19027027027 
0.781381381381 0.00515421367313 0.175855855856 
0.786186186186 0.00434388983578 0.161441441441 
0.790990990991 0.00360282444607 0.147027027027 
0.795795795796 0.00293101750399 0.132612612613 
0.800600600601 0.00232846900955 0.118198198198 
0.805405405405 0.00179517896275 0.103783783784 
0.81021021021 0.00133114736358 0.0893693693694 
0.815015015015 0.00093637421205 0.074954954955 
0.81981981982 0.000610859508157 0.0605405405405 
0.824624624625 0.000354603251901 0.0461261261261 
0.829429429429 0.000167605443281 0.0317117117117 
0.834234234234 4.98660822985e-05 0.0172972972973 
0.839039039039 1.38516895274e-06 0.00288288288288 
0.843843843844 2.21627032438e-05 -0.0115315315315 
0.848648648649 0.000112198685172 -0.0259459459459 
0.853453453453 0.000271493114736 -0.0403603603604 
0.858258258258 0.000500045991938 -0.0547747747748 
0.863063063063 0.000797857316776 -0.0691891891892 
0.867867867868 0.00116492708925 -0.0836036036036 
0.872672672673 0.00160125530936 -0.098018018018 
0.877477477477 0.00210684197711 -0.112432432432 
0.882282282282 0.0026816870925 -0.126846846847 
0.887087087087 0.00332579065552 -0.141261261261 
0.891891891892 0.00403915266618 -0.155675675676 
0.896696696697 0.00482177312448 -0.17009009009 
0.901501501502 0.00567365203041 -0.184504504505 
0.906306306306 0.00659478938398 -0.198918918919 
0.911111111111 0.00758518518519 -0.213333333333 
0.915915915916 0.00864483943403 -0.227747747748 
0.920720720721 0.00977375213051 -0.242162162162 
0.925525525526 0.0109719232746 -0.256576576577 
0.93033033033 0.0122393528664 -0.270990990991 
0.935135135135 0.0135760409058 -0.285405405405 
0.93993993994 0.0149819873928 -0.29981981982 
0.944744744745 0.0164571923275 -0.314234234234 
0.94954954955 0.0180016557098 -0.328648648649 
0.954354354354 0.0196153775397 -0.343063063063 
0.959159159159 0.0212983578173 -0.357477477477 
0.963963963964 0.0230505965425 -0.371891891892 
0.968768768769 0.0248720937153 -0.386306306306 
0.973573573574 0.0267628493358 -0.400720720721 
0.978378378378 0.0287228634039 -0.415135135135 
0.983183183183 0.0307521359197 -0.42954954955 
0.987987987988 0.0328506668831 -0.443963963964 
0.992792792793 0.0350184562941 -0.458378378378 
0.997597597598 0.0372555041528 -0.472792792793 
1.0024024024 0.0395618104591 -0.487207207207 
1.00720720721 0.0419373752131 -0.501621621622 
1.01201201201 0.0443821984146 -0.516036036036 
1.01681681682 0.0468962800638 -0.53045045045 
1.02162162162 0.0494796201607 -0.544864864865 
1.02642642643 0.0521322187052 -0.559279279279 
1.03123123123 0.0548540756973 -0.573693693694 
1.03603603604 0.0576451911371 -0.588108108108 
1.04084084084 0.0605055650245 -0.602522522523 
1.04564564565 0.0634351973595 -0.616936936937 
1.05045045045 0.0664340881422 -0.631351351351 
1.05525525526 0.0695022373725 -0.645765765766 
1.06006006006 0.0726396450505 -0.66018018018 
1.06486486486 0.075846311176 -0.674594594595 
1.06966966967 0.0791222357493 -0.689009009009 
1.07447447447 0.0824674187701 -0.703423423423 
1.07927927928 0.0858818602386 -0.717837837838 
1.08408408408 0.0893655601547 -0.732252252252 
1.08888888889 0.0929185185185 -0.746666666667 
1.09369369369 0.0965407353299 -0.761081081081 
1.0984984985 0.100232210589 -0.775495495495 
1.1033033033 0.103992944296 -0.78990990991 
1.10810810811 0.10782293645 -0.804324324324 
1.11291291291 0.111722187052 -0.818738738739 
1.11771771772 0.115690696102 -0.833153153153 
1.12252252252 0.119728463599 -0.847567567568 
1.12732732733 0.123835489544 -0.861981981982 
1.13213213213 0.128011773936 -0.876396396396 
1.13693693694 0.132257316776 -0.890810810811 
1.14174174174 0.136572118064 -0.905225225225 
1.14654654655 0.140956177799 -0.91963963964 
1.15135135135 0.145409495982 -0.934054054054 
1.15615615616 0.149932072613 -0.948468468468 
1.16096096096 0.154523907691 -0.962882882883 
1.16576576577 0.159185001217 -0.977297297297 
1.17057057057 0.163915353191 -0.991711711712 
1.17537537538 0.168714963612 -1.00612612613 
1.18018018018 0.173583832481 -1.02054054054 
1.18498498498 0.178521959798 -1.03495495495 
1.18978978979 0.183529345562 -1.04936936937 
1.19459459459 0.188605989774 -1.06378378378 
1.1993993994 0.193751892433 -1.0781981982 
1.2042042042 0.19896705354 -1.09261261261 
1.20900900901 0.204251473095 -1.10702702703 
1.21381381381 0.209605151097 -1.12144144144 
1.21861861862 0.215028087547 -1.13585585586 
1.22342342342 0.220520282445 -1.15027027027 
1.22822822823 0.22608173579 -1.16468468468 
1.23303303303 0.231712447583 -1.1790990991 
1.23783783784 0.237412417823 -1.19351351351 
1.24264264264 0.243181646511 -1.20792792793 
1.24744744745 0.249020133647 -1.22234234234 
1.25225225225 0.254927879231 -1.23675675676 
1.25705705706 0.260904883262 -1.25117117117 
1.26186186186 0.26695114574 -1.26558558559 
1.26666666667 0.273066666667 -1.28 
1.27147147147 0.279251446041 -1.29441441441 
1.27627627628 0.285505483862 -1.30882882883 
1.28108108108 0.291828780131 -1.32324324324 
1.28588588589 0.298221334848 -1.33765765766 
1.29069069069 0.304683148013 -1.35207207207 
1.2954954955 0.311214219625 -1.36648648649 
1.3003003003 0.317814549685 -1.3809009009 
1.30510510511 0.324484138192 -1.39531531532 
1.30990990991 0.331222985147 -1.40972972973 
1.31471471471 0.33803109055 -1.42414414414 
1.31951951952 0.3449084544 -1.43855855856 
1.32432432432 0.351855076698 -1.45297297297 
1.32912912913 0.358870957444 -1.46738738739 
1.33393393393 0.365956096637 -1.4818018018 
1.33873873874 0.373110494278 -1.49621621622 
1.34354354354 0.380334150367 -1.51063063063 
1.34834834835 0.387627064903 -1.52504504505 
1.35315315315 0.394989237887 -1.53945945946 
1.35795795796 0.402420669318 -1.55387387387 
1.36276276276 0.409921359197 -1.56828828829 
1.36756756757 0.417491307524 -1.5827027027 
1.37237237237 0.425130514298 -1.59711711712 
1.37717717718 0.43283897952 -1.61153153153 
1.38198198198 0.44061670319 -1.62594594595 
1.38678678679 0.448463685307 -1.64036036036 
1.39159159159 0.456379925872 -1.65477477477 
1.3963963964 0.464365424884 -1.66918918919 
1.4012012012 0.472420182345 -1.6836036036 
1.40600600601 0.480544198252 -1.69801801802 
1.41081081081 0.488737472608 -1.71243243243 
1.41561561562 0.497000005411 -1.72684684685 
1.42042042042 0.505331796662 -1.74126126126 
1.42522522523 0.51373284636 -1.75567567568 
1.43003003003 0.522203154506 -1.77009009009 
1.43483483483 0.530742721099 -1.7845045045 
1.43963963964 0.539351546141 -1.79891891892 
1.44444444444 0.54802962963 -1.81333333333 
1.44924924925 0.556776971566 -1.82774774775 
1.45405405405 0.56559357195 -1.84216216216 
1.45885885886 0.574479430782 -1.85657657658 
1.46366366366 0.583434548062 -1.87099099099 
1.46846846847 0.592458923789 -1.88540540541 
1.47327327327 0.601552557963 -1.89981981982 
1.47807807808 0.610715450586 -1.91423423423 
1.48288288288 0.619947601656 -1.92864864865 
1.48768768769 0.629249011173 -1.94306306306 
1.49249249249 0.638619679139 -1.95747747748 
1.4972972973 0.648059605551 -1.97189189189 
1.5021021021 0.657568790412 -1.98630630631 
1.50690690691 0.66714723372 -2.00072072072 
1.51171171171 0.676794935476 -2.01513513514 
1.51651651652 0.686511895679 -2.02954954955 
1.52132132132 0.696298114331 -2.04396396396 
1.52612612613 0.706153591429 -2.05837837838 
1.53093093093 0.716078326976 -2.07279279279 
1.53573573574 0.72607232097 -2.08720720721 
1.54054054054 0.736135573411 -2.10162162162 
1.54534534535 0.746268084301 -2.11603603604 
1.55015015015 0.756469853637 -2.13045045045 
1.55495495495 0.766740881422 -2.14486486486 
1.55975975976 0.777081167654 -2.15927927928 
1.56456456456 0.787490712334 -2.17369369369 
1.56936936937 0.797969515461 -2.18810810811 
1.57417417417 0.808517577036 -2.20252252252 
1.57897897898 0.819134897059 -2.21693693694 
1.58378378378 0.82982147553 -2.23135135135 
1.58858858859 0.840577312448 -2.24576576577 
1.59339339339 0.851402407813 -2.26018018018 
1.5981981982 0.862296761626 -2.27459459459 
1.603003003 0.873260373887 -2.28900900901 
1.60780780781 0.884293244596 -2.30342342342 
1.61261261261 0.895395373752 -2.31783783784 
1.61741741742 0.906566761356 -2.33225225225 
1.62222222222 0.917807407407 -2.34666666667 
1.62702702703 0.929117311907 -2.36108108108 
1.63183183183 0.940496474853 -2.3754954955 
1.63663663664 0.951944896248 -2.38990990991 
1.64144144144 0.96346257609 -2.40432432432 
1.64624624625 0.975049514379 -2.41873873874 
1.65105105105 0.986705711117 -2.43315315315 
1.65585585586 0.998431166301 -2.44756756757 
1.66066066066 1.01022587993 -2.46198198198 
1.66546546547 1.02208985201 -2.4763963964 
1.67027027027 1.03402308254 -2.49081081081 
1.67507507508 1.04602557152 -2.50522522523 
1.67987987988 1.05809731894 -2.51963963964 
1.68468468468 1.07023832481 -2.53405405405 
1.68948948949 1.08244858913 -2.54846846847 
1.69429429429 1.0947281119 -2.56288288288 
1.6990990991 1.10707689311 -2.5772972973 
1.7039039039 1.11949493277 -2.59171171171 
1.70870870871 1.13198223088 -2.60612612613 
1.71351351351 1.14453878744 -2.62054054054 
1.71831831832 1.15716460244 -2.63495495495 
1.72312312312 1.16985967589 -2.64936936937 
1.72792792793 1.18262400779 -2.66378378378 
1.73273273273 1.19545759814 -2.6781981982 
1.73753753754 1.20836044693 -2.69261261261 
1.74234234234 1.22133255418 -2.70702702703 
1.74714714715 1.23437391987 -2.72144144144 
1.75195195195 1.247484544 -2.73585585586 
1.75675675676 1.26066442659 -2.75027027027 
1.76156156156 1.27391356762 -2.76468468468 
1.76636636637 1.2872319671 -2.7790990991 
1.77117117117 1.30061962503 -2.79351351351 
1.77597597598 1.31407654141 -2.80792792793 
1.78078078078 1.32760271623 -2.82234234234 
1.78558558559 1.3411981495 -2.83675675676 
1.79039039039 1.35486284122 -2.85117117117 
1.7951951952 1.36859679139 -2.86558558559 
1.8 1.3824 -2.88 
1.8048048048 1.39627246706 -2.89441441441 
1.80960960961 1.41021419257 -2.90882882883 
1.81441441441 1.42422517653 -2.92324324324 
1.81921921922 1.43830541893 -2.93765765766 
1.82402402402 1.45245491978 -2.95207207207 
1.82882882883 1.46667367908 -2.96648648649 
1.83363363363 1.48096169683 -2.9809009009 
1.83843843844 1.49531897303 -2.99531531532 
1.84324324324 1.50974550767 -3.00972972973 
1.84804804805 1.52424130076 -3.02414414414 
1.85285285285 1.5388063523 -3.03855855856 
1.85765765766 1.55344066228 -3.05297297297 
1.86246246246 1.56814423072 -3.06738738739 
1.86726726727 1.5829170576 -3.0818018018 
1.87207207207 1.59775914293 -3.09621621622 
1.87687687688 1.6126704867 -3.11063063063 
1.88168168168 1.62765108893 -3.12504504505 
1.88648648649 1.6427009496 -3.13945945946 
1.89129129129 1.65782006872 -3.15387387387 
1.8960960961 1.67300844628 -3.16828828829 
1.9009009009 1.6882660823 -3.1827027027 
1.90570570571 1.70359297676 -3.19711711712 
1.91051051051 1.71898912967 -3.21153153153 
1.91531531532 1.73445454103 -3.22594594595 
1.92012012012 1.74998921083 -3.24036036036 
1.92492492492 1.76559313909 -3.25477477477 
1.92972972973 1.78126632579 -3.26918918919 
1.93453453453 1.79700877093 -3.2836036036 
1.93933933934 1.81282047453 -3.29801801802 
1.94414414414 1.82870143657 -3.31243243243 
1.94894894895 1.84465165706 -3.32684684685 
1.95375375375 1.860671136 -3.34126126126 
1.95855855856 1.87675987339 -3.35567567568 
1.96336336336 1.89291786922 -3.37009009009 
1.96816816817 1.9091451235 -3.3845045045 
1.97297297297 1.92544163623 -3.39891891892 
1.97777777778 1.94180740741 -3.41333333333 
1.98258258258 1.95824243703 -3.42774774775 
1.98738738739 1.9747467251 -3.44216216216 
1.99219219219 1.99132027162 -3.45657657658 
1.996996997 2.00796307659 -3.47099099099 
2.0018018018 2.02467514 -3.48540540541 
2.00660660661 2.04145646187 -3.49981981982 
2.01141141141 2.05830704218 -3.51423423423 
2.01621621622 2.07522688093 -3.52864864865 
2.02102102102 2.09221597814 -3.54306306306 
2.02582582583 2.10927433379 -3.55747747748 
2.03063063063 2.12640194789 -3.57189189189 
2.03543543544 2.14359882044 -3.58630630631 
2.04024024024 2.16086495144 -3.60072072072 
2.04504504505 2.17820034088 -3.61513513514 
2.04984984985 2.19560498877 -3.62954954955 
2.05465465465 2.21307889511 -3.64396396396 
2.05945945946 2.2306220599 -3.65837837838 
2.06426426426 2.24823448313 -3.67279279279 
2.06906906907 2.26591616481 -3.68720720721 
2.07387387387 2.28366710494 -3.70162162162 
2.07867867868 2.30148730352 -3.71603603604 
2.08348348348 2.31937676054 -3.73045045045 
2.08828828829 2.33733547602 -3.74486486486 
2.09309309309 2.35536344994 -3.75927927928 
2.0978978979 2.3734606823 -3.77369369369 
2.1027027027 2.39162717312 -3.78810810811 
2.10750750751 2.40986292238 -3.80252252252 
2.11231231231 2.42816793009 -3.81693693694 
2.11711711712 2.44654219625 -3.83135135135 
2.12192192192 2.46498572086 -3.84576576577 
2.12672672673 2.48349850391 -3.86018018018 
2.13153153153 2.50208054541 -3.87459459459 
2.13633633634 2.52073184536 -3.88900900901 
2.14114114114 2.53945240376 -3.90342342342 
2.14594594595 2.5582422206 -3.91783783784 
2.15075075075 2.57710129589 -3.93225225225 
2.15555555556 2.59602962963 -3.94666666667 
2.16036036036 2.61502722182 -3.96108108108 
2.16516516517 2.63409407245 -3.9754954955 
2.16996996997 2.65323018153 -3.98990990991 
2.17477477477 2.67243554906 -4.00432432432 
2.17957957958 2.69171017504 -4.01873873874 
2.18438438438 2.71105405946 -4.03315315315 
2.18918918919 2.73046720234 -4.04756756757 
2.19399399399 2.74994960366 -4.06198198198 
2.1987987988 2.76950126343 -4.0763963964 
2.2036036036 2.78912218164 -4.09081081081 
2.20840840841 2.8088123583 -4.10522522523 
2.21321321321 2.82857179342 -4.11963963964 
2.21801801802 2.84840048697 -4.13405405405 
2.22282282282 2.86829843898 -4.14846846847 
2.22762762763 2.88826564943 -4.16288288288 
2.23243243243 2.90830211833 -4.1772972973 
2.23723723724 2.92840784568 -4.19171171171 
2.24204204204 2.94858283148 -4.20612612613 
2.24684684685 2.96882707572 -4.22054054054 
2.25165165165 2.98914057842 -4.23495495495 
2.25645645646 3.00952333956 -4.24936936937 
2.26126126126 3.02997535914 -4.26378378378 
2.26606606607 3.05049663718 -4.2781981982 
2.27087087087 3.07108717366 -4.29261261261 
2.27567567568 3.09174696859 -4.30702702703 
2.28048048048 3.11247602197 -4.32144144144 
2.28528528529 3.13327433379 -4.33585585586 
2.29009009009 3.15414190407 -4.35027027027 
2.29489489489 3.17507873279 -4.36468468468 
2.2996996997 3.19608481996 -4.3790990991 
2.3045045045 3.21716016557 -4.39351351351 
2.30930930931 3.23830476963 -4.40792792793 
2.31411411411 3.25951863215 -4.42234234234 
2.31891891892 3.2808017531 -4.43675675676 
2.32372372372 3.30215413251 -4.45117117117 
2.32852852853 3.32357577036 -4.46558558559 
2.33333333333 3.34506666667 -4.48 
2.33813813814 3.36662682142 -4.49441441441 
2.34294294294 3.38825623461 -4.50882882883 
2.34774774775 3.40995490626 -4.52324324324 
2.35255255255 3.43172283635 -4.53765765766 
2.35735735736 3.45356002489 -4.55207207207 
2.36216216216 3.47546647188 -4.56648648649 
2.36696696697 3.49744217731 -4.5809009009 
2.37177177177 3.5194871412 -4.59531531532 
2.37657657658 3.54160136353 -4.60972972973 
2.38138138138 3.5637848443 -4.62414414414 
2.38618618619 3.58603758353 -4.63855855856 
2.39099099099 3.6083595812 -4.65297297297 
2.3957957958 3.63075083732 -4.66738738739 
2.4006006006 3.65321135189 -4.6818018018 
2.40540540541 3.67574112491 -4.69621621622 
2.41021021021 3.69834015637 -4.71063063063 
2.41501501502 3.72100844628 -4.72504504505 
2.41981981982 3.74374599464 -4.73945945946 
2.42462462462 3.76655280145 -4.75387387387 
2.42942942943 3.7894288667 -4.76828828829 
2.43423423423 3.81237419041 -4.7827027027 
2.43903903904 3.83538877256 -4.79711711712 
2.44384384384 3.85847261315 -4.81153153153 
2.44864864865 3.8816257122 -4.82594594595 
2.45345345345 3.90484806969 -4.84036036036 
2.45825825826 3.92813968563 -4.85477477477 
2.46306306306 3.95150056002 -4.86918918919 
2.46786786787 3.97493069286 -4.8836036036 
2.47267267267 3.99843008414 -4.89801801802 
2.47747747748 4.02199873387 -4.91243243243 
2.48228228228 4.04563664205 -4.92684684685 
2.48708708709 4.06934380867 -4.94126126126 
2.49189189189 4.09312023375 -4.95567567568 
2.4966966967 4.11696591727 -4.97009009009 
2.5015015015 4.14088085924 -4.9845045045 
2.50630630631 4.16486505965 -4.99891891892 
2.51111111111 4.18891851852 -5.01333333333 
2.51591591592 4.21304123583 -5.02774774775 
2.52072072072 4.23723321159 -5.04216216216 
2.52552552553 4.2614944458 -5.05657657658 
2.53033033033 4.28582493845 -5.07099099099 
2.53513513514 4.31022468955 -5.08540540541 
2.53993993994 4.3346936991 -5.09981981982 
2.54474474474 4.3592319671 -5.11423423423 
2.54954954955 4.38383949355 -5.12864864865 
2.55435435435 4.40851627844 -5.14306306306 
2.55915915916 4.43326232178 -5.15747747748 
2.56396396396 4.45807762357 -5.17189189189 
2.56876876877 4.48296218381 -5.18630630631 
2.57357357357 4.50791600249 -5.20072072072 
2.57837837838 4.53293907962 -5.21513513514 
2.58318318318 4.5580314152 -5.22954954955 
2.58798798799 4.58319300923 -5.24396396396 
2.59279279279 4.6084238617 -5.25837837838 
2.5975975976 4.63372397262 -5.27279279279 
2.6024024024 4.65909334199 -5.28720720721 
2.60720720721 4.68453196981 -5.30162162162 
2.61201201201 4.71003985607 -5.31603603604 
2.61681681682 4.73561700078 -5.33045045045 
2.62162162162 4.76126340394 -5.34486486486 
2.62642642643 4.78697906555 -5.35927927928 
2.63123123123 4.81276398561 -5.37369369369 
2.63603603604 4.83861816411 -5.38810810811 
2.64084084084 4.86454160106 -5.40252252252 
2.64564564565 4.89053429646 -5.41693693694 
2.65045045045 4.9165962503 -5.43135135135 
2.65525525526 4.9427274626 -5.44576576577 
2.66006006006 4.96892793334 -5.46018018018 
2.66486486486 4.99519766253 -5.47459459459 
2.66966966967 5.02153665016 -5.48900900901 
2.67447447447 5.04794489625 -5.50342342342 
2.67927927928 5.07442240078 -5.51783783784 
2.68408408408 5.10096916376 -5.53225225225 
2.68888888889 5.12758518519 -5.54666666667 
2.69369369369 5.15427046506 -5.56108108108 
2.6984984985 5.18102500338 -5.5754954955 
2.7033033033 5.20784880015 -5.58990990991 
2.70810810811 5.23474185537 -5.60432432432 
2.71291291291 5.26170416903 -5.61873873874 
2.71771771772 5.28873574115 -5.63315315315 
2.72252252252 5.31583657171 -5.64756756757 
2.72732732733 5.34300666071 -5.66198198198 
2.73213213213 5.37024600817 -5.6763963964 
2.73693693694 5.39755461407 -5.69081081081 
2.74174174174 5.42493247842 -5.70522522523 
2.74654654655 5.45237960122 -5.71963963964 
2.75135135135 5.47989598247 -5.73405405405 
2.75615615616 5.50748162216 -5.74846846847 
2.76096096096 5.5351365203 -5.76288288288 
2.76576576577 5.56286067689 -5.7772972973 
2.77057057057 5.59065409193 -5.79171171171 
2.77537537538 5.61851676541 -5.80612612613 
2.78018018018 5.64644869735 -5.82054054054 
2.78498498498 5.67444988773 -5.83495495495 
2.78978978979 5.70252033655 -5.84936936937 
2.79459459459 5.73066004383 -5.86378378378 
2.7993993994 5.75886900955 -5.8781981982 
2.8042042042 5.78714723372 -5.89261261261 
2.80900900901 5.81549471634 -5.90702702703 
2.81381381381 5.8439114574 -5.92144144144 
2.81861861862 5.87239745692 -5.93585585586 
2.82342342342 5.90095271488 -5.95027027027 
2.82822822823 5.92957723129 -5.96468468468 
2.83303303303 5.95827100614 -5.9790990991 
2.83783783784 5.98703403944 -5.99351351351 
2.84264264264 6.0158663312 -6.00792792793 
2.84744744745 6.04476788139 -6.02234234234 
2.85225225225 6.07373869004 -6.03675675676 
2.85705705706 6.10277875714 -6.05117117117 
2.86186186186 6.13188808268 -6.06558558559 
2.86666666667 6.16106666667 -6.08 
2.87147147147 6.1903145091 -6.09441441441 
2.87627627628 6.21963160999 -6.10882882883 
2.88108108108 6.24901796932 -6.12324324324 
2.88588588589 6.2784735871 -6.13765765766 
2.89069069069 6.30799846333 -6.15207207207 
2.8954954955 6.337592598 -6.16648648649 
2.9003003003 6.36725599113 -6.1809009009 
2.90510510511 6.3969886427 -6.19531531532 
2.90990990991 6.42679055271 -6.20972972973 
2.91471471471 6.45666172118 -6.22414414414 
2.91951951952 6.48660214809 -6.23855855856 
2.92432432432 6.51661183346 -6.25297297297 
2.92912912913 6.54669077726 -6.26738738739 
2.93393393393 6.57683897952 -6.2818018018 
2.93873873874 6.60705644022 -6.29621621622 
2.94354354354 6.63734315938 -6.31063063063 
2.94834834835 6.66769913697 -6.32504504505 
2.95315315315 6.69812437302 -6.33945945946 
2.95795795796 6.72861886752 -6.35387387387 
2.96276276276 6.75918262046 -6.36828828829 
2.96756756757 6.78981563185 -6.3827027027 
2.97237237237 6.82051790169 -6.39711711712 
2.97717717718 6.85128942997 -6.41153153153 
2.98198198198 6.8821302167 -6.42594594595 
2.98678678679 6.91304026188 -6.44036036036 
2.99159159159 6.94401956551 -6.45477477477 
2.9963963964 6.97506812759 -6.46918918919 
3.0012012012 7.00618594811 -6.4836036036 
3.00600600601 7.03737302708 -6.49801801802 
3.01081081081 7.0686293645 -6.51243243243 
3.01561561562 7.09995496037 -6.52684684685 
3.02042042042 7.13134981468 -6.54126126126 
3.02522522523 7.16281392744 -6.55567567568 
3.03003003003 7.19434729865 -6.57009009009 
3.03483483483 7.22594992831 -6.5845045045 
3.03963963964 7.25762181641 -6.59891891892 
3.04444444444 7.28936296296 -6.61333333333 
3.04924924925 7.32117336796 -6.62774774775 
3.05405405405 7.35305303141 -6.64216216216 
3.05885885886 7.3850019533 -6.65657657658 
3.06366366366 7.41702013365 -6.67099099099 
3.06846846847 7.44910757244 -6.68540540541 
3.07327327327 7.48126426968 -6.69981981982 
3.07807807808 7.51349022536 -6.71423423423 
3.08288288288 7.54578543949 -6.72864864865 
3.08768768769 7.57814991207 -6.74306306306 
3.09249249249 7.6105836431 -6.75747747748 
3.0972972973 7.64308663258 -6.77189189189 
3.1021021021 7.6756588805 -6.78630630631 
3.10690690691 7.70830038687 -6.80072072072 
3.11171171171 7.74101115169 -6.81513513514 
3.11651651652 7.77379117496 -6.82954954955 
3.12132132132 7.80664045667 -6.84396396396 
3.12612612613 7.83955899683 -6.85837837838 
3.13093093093 7.87254679544 -6.87279279279 
3.13573573574 7.9056038525 -6.88720720721 
3.14054054054 7.93873016801 -6.90162162162 
3.14534534535 7.97192574196 -6.91603603604 
3.15015015015 8.00519057436 -6.93045045045 
3.15495495495 8.03852466521 -6.94486486486 
3.15975975976 8.0719280145 -6.95927927928 
3.16456456456 8.10540062224 -6.97369369369 
3.16936936937 8.13894248843 -6.98810810811 
3.17417417417 8.17255361307 -7.00252252252 
3.17897897898 8.20623399616 -7.01693693694 
3.18378378378 8.23998363769 -7.03135135135 
3.18858858859 8.27380253767 -7.04576576577 
3.19339339339 8.3076906961 -7.06018018018 
3.1981981982 8.34164811298 -7.07459459459 
3.203003003 8.3756747883 -7.08900900901 
3.20780780781 8.40977072207 -7.10342342342 
3.21261261261 8.44393591429 -7.11783783784 
3.21741741742 8.47817036496 -7.13225225225 
3.22222222222 8.51247407407 -7.14666666667 
3.22702702703 8.54684704164 -7.16108108108 
3.23183183183 8.58128926765 -7.1754954955 
3.23663663664 8.6158007521 -7.18990990991 
3.24144144144 8.65038149501 -7.20432432432 
3.24624624625 8.68503149636 -7.21873873874 
3.25105105105 8.71975075616 -7.23315315315 
3.25585585586 8.75453927441 -7.24756756757 
3.26066066066 8.78939705111 -7.26198198198 
3.26546546547 8.82432408625 -7.2763963964 
3.27027027027 8.85932037984 -7.29081081081 
3.27507507508 8.89438593188 -7.30522522523 
3.27987987988 8.92952074236 -7.31963963964 
3.28468468468 8.9647248113 -7.33405405405 
3.28948948949 8.99999813868 -7.34846846847 
3.29429429429 9.03534072451 -7.36288288288 
3.2990990991 9.07075256879 -7.3772972973 
3.3039039039 9.10623367151 -7.39171171171 
3.30870870871 9.14178403268 -7.40612612613 
3.31351351351 9.1774036523 -7.42054054054 
3.31831831832 9.21309253037 -7.43495495495 
3.32312312312 9.24885066688 -7.44936936937 
3.32792792793 9.28467806185 -7.46378378378 
3.33273273273 9.32057471526 -7.4781981982 
3.33753753754 9.35654062711 -7.49261261261 
3.34234234234 9.39257579742 -7.50702702703 
3.34714714715 9.42868022617 -7.52144144144 
3.35195195195 9.46485391337 -7.53585585586 
3.35675675676 9.50109685902 -7.55027027027 
3.36156156156 9.53740906312 -7.56468468468 
3.36636636637 9.57379052566 -7.5790990991 
3.37117117117 9.61024124665 -7.59351351351 
3.37597597598 9.64676122609 -7.60792792793 
3.38078078078 9.68335046398 -7.62234234234 
3.38558558559 9.72000896031 -7.63675675676 
3.39039039039 9.75673671509 -7.65117117117 
3.3951951952 9.79353372832 -7.66558558559 
3.4 9.8304 -7.68 
3.4048048048 9.86733553012 -7.69441441441 
3.40960960961 9.9043403187 -7.70882882883 
3.41441441441 9.94141436572 -7.72324324324 
3.41921921922 9.97855767118 -7.73765765766 
3.42402402402 10.0157702351 -7.75207207207 
3.42882882883 10.0530520575 -7.76648648649 
3.43363363363 10.0904031383 -7.7809009009 
3.43843843844 10.1278234775 -7.79531531532 
3.44324324324 10.1653130752 -7.80972972973 
3.44804804805 10.2028719314 -7.82414414414 
3.45285285285 10.240500046 -7.83855855856 
3.45765765766 10.278197419 -7.85297297297 
3.46246246246 10.3159640505 -7.86738738739 
3.46726726727 10.3537999405 -7.8818018018 
3.47207207207 10.3917050889 -7.89621621622 
3.47687687688 10.4296794957 -7.91063063063 
3.48168168168 10.467723161 -7.92504504505 
3.48648648649 10.5058360847 -7.93945945946 
3.49129129129 10.5440182669 -7.95387387387 
3.4960960961 10.5822697075 -7.96828828829 
3.5009009009 10.6205904066 -7.9827027027 
3.50570570571 10.6589803641 -7.99711711712 
3.51051051051 10.6974395801 -8.01153153153 
3.51531531532 10.7359680545 -8.02594594595 
3.52012012012 10.7745657874 -8.04036036036 
3.52492492492 10.8132327787 -8.05477477477 
3.52972972973 10.8519690285 -8.06918918919 
3.53453453453 10.8907745367 -8.0836036036 
3.53933933934 10.9296493034 -8.09801801802 
3.54414414414 10.9685933285 -8.11243243243 
3.54894894895 11.007606612 -8.12684684685 
3.55375375375 11.046689154 -8.14126126126 
3.55855855856 11.0858409545 -8.15567567568 
3.56336336336 11.1250620134 -8.17009009009 
3.56816816817 11.1643523307 -8.1845045045 
3.57297297297 11.2037119065 -8.19891891892 
3.57777777778 11.2431407407 -8.21333333333 
3.58258258258 11.2826388334 -8.22774774775 
3.58738738739 11.3222061846 -8.24216216216 
3.59219219219 11.3618427941 -8.25657657658 
3.596996997 11.4015486622 -8.27099099099 
3.6018018018 11.4413237887 -8.28540540541 
3.60660660661 11.4811681736 -8.29981981982 
3.61141141141 11.521081817 -8.31423423423 
3.61621621622 11.5610647188 -8.32864864865 
3.62102102102 11.601116879 -8.34306306306 
3.62582582583 11.6412382978 -8.35747747748 
3.63063063063 11.6814289749 -8.37189189189 
3.63543543544 11.7216889105 -8.38630630631 
3.64024024024 11.7620181046 -8.40072072072 
3.64504504505 11.8024165571 -8.41513513514 
3.64984984985 11.8428842681 -8.42954954955 
3.65465465465 11.8834212375 -8.44396396396 
3.65945945946 11.9240274653 -8.45837837838 
3.66426426426 11.9647029516 -8.47279279279 
3.66906906907 12.0054476963 -8.48720720721 
3.67387387387 12.0462616995 -8.50162162162 
3.67867867868 12.0871449612 -8.51603603604 
3.68348348348 12.1280974813 -8.53045045045 
3.68828828829 12.1691192598 -8.54486486486 
3.69309309309 12.2102102968 -8.55927927928 
3.6978978979 12.2513705922 -8.57369369369 
3.7027027027 12.2926001461 -8.58810810811 
3.70750750751 12.3338989584 -8.60252252252 
3.71231231231 12.3752670292 -8.61693693694 
3.71711711712 12.4167043584 -8.63135135135 
3.72192192192 12.4582109461 -8.64576576577 
3.72672672673 12.4997867922 -8.66018018018 
3.73153153153 12.5414318968 -8.67459459459 
3.73633633634 12.5831462598 -8.68900900901 
3.74114114114 12.6249298812 -8.70342342342 
3.74594594595 12.6667827611 -8.71783783784 
3.75075075075 12.7087048995 -8.73225225225 
3.75555555556 12.7506962963 -8.74666666667 
3.76036036036 12.7927569515 -8.76108108108 
3.76516516517 12.8348868652 -8.7754954955 
3.76996996997 12.8770860374 -8.78990990991 
3.77477477477 12.919354468 -8.80432432432 
3.77957957958 12.961692157 -8.81873873874 
3.78438438438 13.0040991045 -8.83315315315 
3.78918918919 13.0465753104 -8.84756756757 
3.79399399399 13.0891207748 -8.86198198198 
3.7987987988 13.1317354977 -8.8763963964 
3.8036036036 13.1744194789 -8.89081081081 
3.80840840841 13.2171727187 -8.90522522523 
3.81321321321 13.2599952168 -8.91963963964 
3.81801801802 13.3028869735 -8.93405405405 
3.82282282282 13.3458479885 -8.94846846847 
3.82762762763 13.388878262 -8.96288288288 
3.83243243243 13.431977794 -8.9772972973 
3.83723723724 13.4751465844 -8.99171171171 
3.84204204204 13.5183846333 -9.00612612613 
3.84684684685 13.5616919406 -9.02054054054 
3.85165165165 13.6050685063 -9.03495495495 
3.85645645646 13.6485143305 -9.04936936937 
3.86126126126 13.6920294132 -9.06378378378 
3.86606606607 13.7356137543 -9.0781981982 
3.87087087087 13.7792673538 -9.09261261261 
3.87567567568 13.8229902118 -9.10702702703 
3.88048048048 13.8667823283 -9.12144144144 
3.88528528529 13.9106437032 -9.13585585586 
3.89009009009 13.9545743365 -9.15027027027 
3.89489489489 13.9985742283 -9.16468468468 
3.8996996997 14.0426433785 -9.1790990991 
3.9045045045 14.0867817872 -9.19351351351 
3.90930930931 14.1309894543 -9.20792792793 
3.91411411411 14.1752663799 -9.22234234234 
3.91891891892 14.2196125639 -9.23675675676 
3.92372372372 14.2640280064 -9.25117117117 
3.92852852853 14.3085127073 -9.26558558559 
3.93333333333 14.3530666667 -9.28 
3.93813813814 14.3976898845 -9.29441441441 
3.94294294294 14.4423823607 -9.30882882883 
3.94774774775 14.4871440954 -9.32324324324 
3.95255255255 14.5319750886 -9.33765765766 
3.95735735736 14.5768753402 -9.35207207207 
3.96216216216 14.6218448503 -9.36648648649 
3.96696696697 14.6668836188 -9.3809009009 
3.97177177177 14.7119916457 -9.39531531532 
3.97657657658 14.7571689311 -9.40972972973 
3.98138138138 14.8024154749 -9.42414414414 
3.98618618619 14.8477312772 -9.43855855856 
3.99099099099 14.893116338 -9.45297297297 
3.9957957958 14.9385706571 -9.46738738739 
4.0006006006 14.9840942348 -9.4818018018 
4.00540540541 15.0296870709 -9.49621621622 
4.01021021021 15.0753491654 -9.51063063063 
4.01501501502 15.1210805184 -9.52504504505 
4.01981981982 15.1668811298 -9.53945945946 
4.02462462462 15.2127509996 -9.55387387387 
4.02942942943 15.258690128 -9.56828828829 
4.03423423423 15.3046985147 -9.5827027027 
4.03903903904 15.3507761599 -9.59711711712 
4.04384384384 15.3969230636 -9.61153153153 
4.04864864865 15.4431392257 -9.62594594595 
4.05345345345 15.4894246463 -9.64036036036 
4.05825825826 15.5357793253 -9.65477477477 
4.06306306306 15.5822032627 -9.66918918919 
4.06786786787 15.6286964586 -9.6836036036 
4.07267267267 15.675258913 -9.69801801802 
4.07747747748 15.7218906258 -9.71243243243 
4.08228228228 15.768591597 -9.72684684685 
4.08708708709 15.8153618267 -9.74126126126 
4.09189189189 15.8622013148 -9.75567567568 
4.0966966967 15.9091100614 -9.77009009009 
4.1015015015 15.9560880664 -9.7845045045 
4.10630630631 16.0031353299 -9.79891891892 
4.11111111111 16.0502518519 -9.81333333333 
4.11591591592 16.0974376322 -9.82774774775 
4.12072072072 16.144692671 -9.84216216216 
4.12552552553 16.1920169683 -9.85657657658 
4.13033033033 16.239410524 -9.87099099099 
4.13513513514 16.2868733382 -9.88540540541 
4.13993993994 16.3344054108 -9.89981981982 
4.14474474474 16.3820067419 -9.91423423423 
4.14954954955 16.4296773314 -9.92864864865 
4.15435435435 16.4774171793 -9.94306306306 
4.15915915916 16.5252262857 -9.95747747748 
4.16396396396 16.5731046506 -9.97189189189 
4.16876876877 16.6210522739 -9.98630630631 
4.17357357357 16.6690691556 -10.0007207207 
4.17837837838 16.7171552958 -10.0151351351 
4.18318318318 16.7653106945 -10.0295495495 
4.18798798799 16.8135353516 -10.043963964 
4.19279279279 16.8618292671 -10.0583783784 
4.1975975976 16.9101924411 -10.0727927928 
4.2024024024 16.9586248735 -10.0872072072 
4.20720720721 17.0071265644 -10.1016216216 
4.21201201201 17.0556975137 -10.116036036 
4.21681681682 17.1043377215 -10.1304504505 
4.22162162162 17.1530471877 -10.1448648649 
4.22642642643 17.2018259124 -10.1592792793 
4.23123123123 17.2506738955 -10.1736936937 
4.23603603604 17.2995911371 -10.1881081081 
4.24084084084 17.3485776371 -10.2025225225 
4.24564564565 17.3976333956 -10.2169369369 
4.25045045045 17.4467584125 -10.2313513514 
4.25525525526 17.4959526878 -10.2457657658 
4.26006006006 17.5452162216 -10.2601801802 
4.26486486486 17.5945490139 -10.2745945946 
4.26966966967 17.6439510646 -10.289009009 
4.27447447447 17.6934223737 -10.3034234234 
4.27927927928 17.7429629413 -10.3178378378 
4.28408408408 17.7925727674 -10.3322522523 
4.28888888889 17.8422518519 -10.3466666667 
4.29369369369 17.8920001948 -10.3610810811 
4.2984984985 17.9418177962 -10.3754954955 
4.3033033033 17.991704656 -10.3899099099 
4.30810810811 18.0416607743 -10.4043243243 
4.31291291291 18.091686151 -10.4187387387 
4.31771771772 18.1417807862 -10.4331531532 
4.32252252252 18.1919446798 -10.4475675676 
4.32732732733 18.2421778319 -10.461981982 
4.33213213213 18.2924802424 -10.4763963964 
4.33693693694 18.3428519114 -10.4908108108 
4.34174174174 18.3932928388 -10.5052252252 
4.34654654655 18.4438030246 -10.5196396396 
4.35135135135 18.494382469 -10.5340540541 
4.35615615616 18.5450311717 -10.5484684685 
4.36096096096 18.5957491329 -10.5628828829 
4.36576576577 18.6465363526 -10.5772972973 
4.37057057057 18.6973928307 -10.5917117117 
4.37537537538 18.7483185672 -10.6061261261 
4.38018018018 18.7993135622 -10.6205405405 
4.38498498498 18.8503778157 -10.634954955 
4.38978978979 18.9015113275 -10.6493693694 
4.39459459459 18.9527140979 -10.6637837838 
4.3993993994 19.0039861267 -10.6781981982 
4.4042042042 19.0553274139 -10.6926126126 
4.40900900901 19.1067379596 -10.707027027 
4.41381381381 19.1582177637 -10.7214414414 
4.41861861862 19.2097668263 -10.7358558559 
4.42342342342 19.2613851473 -10.7502702703 
4.42822822823 19.3130727268 -10.7646846847 
4.43303303303 19.3648295647 -10.7790990991 
4.43783783784 19.4166556611 -10.7935135135 
4.44264264264 19.4685510159 -10.8079279279 
4.44744744745 19.5205156291 -10.8223423423 
4.45225225225 19.5725495009 -10.8367567568 
4.45705705706 19.624652631 -10.8511711712 
4.46186186186 19.6768250196 -10.8655855856 
4.46666666667 19.7290666667 -10.88 
4.47147147147 19.7813775722 -10.8944144144 
4.47627627628 19.8337577361 -10.9088288288 
4.48108108108 19.8862071585 -10.9232432432 
4.48588588589 19.9387258394 -10.9376576577 
4.49069069069 19.9913137786 -10.9520720721 
4.4954954955 20.0439709764 -10.9664864865 
4.5003003003 20.0966974326 -10.9809009009 
4.50510510511 20.1494931472 -10.9953153153 
4.50990990991 20.2023581203 -11.0097297297 
4.51471471471 20.2552923518 -11.0241441441 
4.51951951952 20.3082958418 -11.0385585586 
4.52432432432 20.3613685902 -11.052972973 
4.52912912913 20.4145105971 -11.0673873874 
4.53393393393 20.4677218624 -11.0818018018 
4.53873873874 20.5210023862 -11.0962162162 
4.54354354354 20.5743521684 -11.1106306306 
4.54834834835 20.627771209 -11.125045045 
4.55315315315 20.6812595082 -11.1394594595 
4.55795795796 20.7348170657 -11.1538738739 
4.56276276276 20.7884438817 -11.1682882883 
4.56756756757 20.8421399562 -11.1827027027 
4.57237237237 20.8959052891 -11.1971171171 
4.57717717718 20.9497398804 -11.2115315315 
4.58198198198 21.0036437302 -11.2259459459 
4.58678678679 21.0576168385 -11.2403603604 
4.59159159159 21.1116592052 -11.2547747748 
4.5963963964 21.1657708303 -11.2691891892 
4.6012012012 21.2199517139 -11.2836036036 
4.60600600601 21.2742018559 -11.298018018 
4.61081081081 21.3285212564 -11.3124324324 
4.61561561562 21.3829099153 -11.3268468468 
4.62042042042 21.4373678327 -11.3412612613 
4.62522522523 21.4918950085 -11.3556756757 
4.63003003003 21.5464914428 -11.3700900901 
4.63483483483 21.6011571355 -11.3845045045 
4.63963963964 21.6558920867 -11.3989189189 
4.64444444444 21.7106962963 -11.4133333333 
4.64924924925 21.7655697644 -11.4277477477 
4.65405405405 21.8205124909 -11.4421621622 
4.65885885886 21.8755244758 -11.4565765766 
4.66366366366 21.9306057192 -11.470990991 
4.66846846847 21.9857562211 -11.4854054054 
4.67327327327 22.0409759814 -11.4998198198 
4.67807807808 22.0962650001 -11.5142342342 
4.68288288288 22.1516232773 -11.5286486486 
4.68768768769 22.207050813 -11.5430630631 
4.69249249249 22.2625476071 -11.5574774775 
4.6972972973 22.3181136596 -11.5718918919 
4.7021021021 22.3737489706 -11.5863063063 
4.70690690691 22.42945354 -11.6007207207 
4.71171171171 22.4852273679 -11.6151351351 
4.71651651652 22.5410704542 -11.6295495495 
4.72132132132 22.596982799 -11.643963964 
4.72612612613 22.6529644022 -11.6583783784 
4.73093093093 22.7090152639 -11.6727927928 
4.73573573574 22.765135384 -11.6872072072 
4.74054054054 22.8213247626 -11.7016216216 
4.74534534535 22.8775833996 -11.716036036 
4.75015015015 22.9339112951 -11.7304504505 
4.75495495495 22.990308449 -11.7448648649 
4.75975975976 23.0467748613 -11.7592792793 
4.76456456456 23.1033105322 -11.7736936937 
4.76936936937 23.1599154614 -11.7881081081 
4.77417417417 23.2165896491 -11.8025225225 
4.77897897898 23.2733330953 -11.8169369369 
4.78378378378 23.3301457999 -11.8313513514 
4.78858858859 23.3870277629 -11.8457657658 
4.79339339339 23.4439789844 -11.8601801802 
4.7981981982 23.5009994643 -11.8745945946 
4.803003003 23.5580892027 -11.889009009 
4.80780780781 23.6152481996 -11.9034234234 
4.81261261261 23.6724764548 -11.9178378378 
4.81741741742 23.7297739686 -11.9322522523 
4.82222222222 23.7871407407 -11.9466666667 
4.82702702703 23.8445767714 -11.9610810811 
4.83183183183 23.9020820604 -11.9754954955 
4.83663663664 23.959656608 -11.9899099099 
4.84144144144 24.0173004139 -12.0043243243 
4.84624624625 24.0750134783 -12.0187387387 
4.85105105105 24.1327958012 -12.0331531532 
4.85585585586 24.1906473825 -12.0475675676 
4.86066066066 24.2485682223 -12.061981982 
4.86546546547 24.3065583205 -12.0763963964 
4.87027027027 24.3646176771 -12.0908108108 
4.87507507508 24.4227462922 -12.1052252252 
4.87987987988 24.4809441658 -12.1196396396 
4.88468468468 24.5392112978 -12.1340540541 
4.88948948949 24.5975476882 -12.1484684685 
4.89429429429 24.6559533371 -12.1628828829 
4.8990990991 24.7144282445 -12.1772972973 
4.9039039039 24.7729724102 -12.1917117117 
4.90870870871 24.8315858345 -12.2061261261 
4.91351351351 24.8902685172 -12.2205405405 
4.91831831832 24.9490204583 -12.234954955 
4.92312312312 25.0078416579 -12.2493693694 
4.92792792793 25.0667321159 -12.2637837838 
4.93273273273 25.1256918324 -12.2781981982 
4.93753753754 25.1847208073 -12.2926126126 
4.94234234234 25.2438190407 -12.307027027 
4.94714714715 25.3029865325 -12.3214414414 
4.95195195195 25.3622232827 -12.3358558559 
4.95675675676 25.4215292915 -12.3502702703 
4.96156156156 25.4809045586 -12.3646846847
# [end]
4.96636636637 25.5403490842 -12.3790990991 
4.97117117117 25.5998628683 -12.3935135135 
4.97597597598 25.6594459108 -12.4079279279 
4.98078078078 25.7190982117 -12.4223423423 
4.98558558559 25.7788197711 -12.4367567568 
4.99039039039 25.838610589 -12.4511711712 
4.9951951952 25.8984706653 -12.4655855856 
5.0 25.9584 -12.48 
# [end]
